0.164958
0.143233
0.00460416
0.243629
0.213682
0.303273
0.359891
0.257225
0.30206
0.370452
0.228162
0.476029
0.313738
0.52817
0.383352
0.34664
0.357021
0.406195
0.400279
0.524798
0.556346
0.635025
0.562257
0.485449
0.611053
0.59385
0.434767
0.550552
0.637026
0.634793
0.680344
0.630991
0.688146
0.740064
0.658227
0.701326
0.681028
0.690657
0.877776
0.7069
0.842238
0.762809
0.825686
0.813269
0.668158
0.766936
0.705672
0.788807
0.821088
0.901261
0.800985
0.940765
0.841482
0.759007
0.944744
0.730537
0.886176
0.870008
0.90633
0.839209
0.955056
0.93325
1.06148
1.09138
0.954785
0.980012
1.03406
1.18396
1.02957
1.06834
1.12681
1.15737
1.08421
1.06313
1.10799
1.1173
1.03045
1.21178
1.11658
1.17091
1.08999
1.14342
1.29781
1.32609
1.3953
1.18971
1.32769
1.32503
1.42469
1.30858
1.36974
1.16896
1.24544
1.30942
1.38025
1.44366
1.44976
1.42105
1.31307
1.43631
1.52708
1.56055
1.43428
1.38694
1.51155
1.62281
1.31009
1.6344
1.57435
1.51381
1.57564
1.6119
1.67019
1.72147
1.85981
1.50872
1.74078
1.8304
1.75439
1.9056
1.74904
1.74647
1.77459
1.86495
2.01313
1.78733
1.88639
1.82467
2.02716
1.87206
2.02022
2.04299
2.08553
2.17381
2.18323
2.10554
2.26832
2.08526
2.24802
2.35783
2.51023
2.64204
2.75602
2.75146
2.81113
2.79436
2.80534
2.86543
2.77948
3.15373
3.04092
3.07032
3.21793
Avg Error : 1.26087
